3501000 13.3765
3501000 3501000 21.651
3501000 3501000 3501000 30.5855
3501000 3501000 3501000 3501000 34.099
3500000 14.0523
3500000 3500000 22.3819
3500000 3500000 3500000 31.1697
3500000 3500000 3500000 3500000 34.2152
3300000 12.2809
3300000 3300000 19.6187
3300000 3300000 3300000 28.1836
3300000 3300000 3300000 3300000 31.0371
3100000 11.1934
3100000 3100000 17.7001
3100000 3100000 3100000 25.4671
3100000 3100000 3100000 3100000 28.3162
2900000 9.87445
2900000 2900000 16.0886
2900000 2900000 2900000 22.84
2900000 2900000 2900000 2900000 25.4353
2700000 8.9377
2700000 2700000 14.8688
2700000 2700000 2700000 20.7391
2700000 2700000 2700000 2700000 23.0381
2500000 7.90623
2500000 2500000 13.5152
2500000 2500000 2500000 18.8567
2500000 2500000 2500000 2500000 20.5057
2300000 6.79463
2300000 2300000 11.334
2300000 2300000 2300000 15.8627
2300000 2300000 2300000 2300000 17.5648
2100000 5.85695
2100000 2100000 10.0129
2100000 2100000 2100000 14.1878
2100000 2100000 2100000 2100000 15.6369
2000000 5.73123
2000000 2000000 9.64337
2000000 2000000 2000000 13.4578
2000000 2000000 2000000 2000000 14.6624
1800000 4.8069
1800000 1800000 8.6695
1800000 1800000 1800000 11.9421
1800000 1800000 1800000 1800000 13.0063
1600000 3.8768
1600000 1600000 7.46905
1600000 1600000 1600000 10.6377
1600000 1600000 1600000 1600000 11.4501
1400000 3.1812
1400000 1400000 6.22525
1400000 1400000 1400000 9.04025
1400000 1400000 1400000 1400000 10.1905
1200000 2.3489
1200000 1200000 5.10537
1200000 1200000 1200000 7.9354
1200000 1200000 1200000 1200000 8.7342
1000000 1.6419
1000000 1000000 3.28992
1000000 1000000 1000000 5.15635
1000000 1000000 1000000 1000000 5.65072
800000 1.23192
800000 800000 2.25085
800000 800000 800000 3.74722
800000 800000 800000 800000 4.55465
